0.10018944
0.09795787
0.09890984
0.09756714
0.094660915
0.096548036
0.098771654
0.09774693
0.09825145
0.09910482
0.097084925
0.1
0.095303774
0.095509894
0.09777698
0.09850417
0.10401876
0.095902264
0.097424224
0.103648625
0.09362574
0.1
0.09857375
0.10111164
0.094554625
0.09728049
0.09908857
0.098859295
0.09940726
0.09862021
0.09677272
0.09683062
0.09563919
0.094904125
0.10073534
0.096859604
0.09401518
0.0959157
0.098451756
0.09607104
0.0979292
0.09704815
0.10414306
0.09827126
0.09601096
0.09956926
0.1
0.09786468
0.098788984
0.104540795
0.09926154
0.0967499
0.10233642
0.09987936
0.097706206
0.0969038
0.0979639
0.09838727
0.09679782
0.103264436
0.09723083
0.09824929
0.1
0.099457726
0.095486596
0.096975334
0.1
0.10358433
0.097190484
0.09934053
0.09811638
0.09918571
0.0988067
0.09861152
0.09770578
0.0984115
0.09939654
0.09441492
0.09807533
0.10522688
0.097487465
0.098044775
0.09862611
0.09441344
0.101978816
0.0962292
0.09683593
0.09755036
0.09725769
0.096377164
0.1
0.09616949
0.1
0.09513101
0.09822731
0.09753608
0.09840718
0.101030484
0.09836137
0.1
0.0940223
0.09445912
0.09673688
0.0979109
0.1
0.092349015
0.09737297
0.101950034
0.097650185
0.09781037
0.1
0.09690281
0.097689174
0.0976838
0.09946626
0.09712574
0.10133394
0.09955802
0.10617072
0.097673245
0.096827306
0.09836497
0.10077881
0.09754258
0.100030825
0.09297736
0.098708004
0.09688208
