-0.010199401
0.17322275
0.06144186
0.11039692
0.04153176
0.22889526
0.10002046
0.019394675
-0.05813025
0.10779097
0.177775
0.1236987
0.16266008
0.11919139
-0.2694568
-0.076002836
-0.06796199
-0.16051969
0.06417212
0.08044738
-0.16249047
0.18792653
0.0883378
0.04068024
0.037136886
-0.0387284
-0.20867755
-0.14303951
0.1529686
-0.014494735
0.03387571
0.14498857
0.21998407
-0.0446402
0.10434952
0.07848479
0.1732102
0.056464124
0.21803322
0.032225166
0.07391908
0.12776273
-0.052443407
0.14695443
-0.17717882
0.09975062
0.080366775
-0.23895507
0.26356095
-0.00684779
-0.32900423
-0.2514386
-0.17600712
-0.15654422
0.09583406
0.46097043
-0.004203797
-0.20352037
0.1256799
-0.06267719
-0.20315677
0.15045196
0.021153774
-0.25413433
-0.15712541
-0.0003193357
0.10844732
0.012288642
0.0037939253
0.15122609
-0.0386276
-0.09038724
0.10481159
-0.06489952
-0.0513172
-0.06994769
-0.088760965
0.23017651
0.14159265
0.01477223
0.05987157
0.17638525
-0.14799601
0.01908472
0.031285577
0.013463676
0.1329494
0.05231363
0.030728579
-0.03968882
0.055121772
-0.08137868
-0.010918731
0.022528583
0.034230694
-0.021377627
0.10984479
-0.12138229
0.092136525
0.004661527
-0.039355624
0.055364087
0.11597099
0.029885998
0.028283518
0.09504675
0.030889913
0.081950605
0.12500659
0.06486844
-0.021924319
0.12459987
0.15617138
-0.11460091
-0.19180499
-0.052549943
0.05197249
0.020032853
0.013552324
0.042577814
-0.050302356
-0.03601264
-0.0915958
0.030665696
-0.014355145
-0.21638514
0.05452995
0.19448735
0.13710079
-0.025781702
0.0771056
-0.09457207
-0.0104456125
-0.052020002
-0.053376038
-0.116623476
-0.0049691284
-0.13707231
0.114109516
-0.054745626
0.14939092
-0.16233905
-0.048550233
0.2120269
-0.118239075
-0.0057335524
0.07796526
-0.012049057
0.014843207
0.012166921
-0.044678845
-0.12846923
-0.07145591
-0.15717933
0.056353737
0.08490154
0.12889479
-0.18019585
0.11595891
0.027509406
0.093224466
-0.07032046
0.023189899
0.03946281
0.009330801
0.1477915
0.033152744
0.03976354
-0.13524403
0.027016858
-0.06753274
0.07703669
0.07835003
-0.05251113
0.009279463
-0.07012045
0.067304455
-0.051169857
-0.1107037
-0.0044675195
-0.008204897
0.06662052
0.02342596
0.10078334
0.016785597
-0.038856983
-0.14400503
-0.013917018
-0.039179396
-0.026493883
-0.09945327
0.13629237
0.07929295
0.110396564
0.1298713
0.02648877
0.06484619
0.098361365
0.26048958
0.16116382
-0.024950143
0.10184455
0.056884244
-0.033684038
-0.07673191
-0.15791054
0.071566194
-0.1200549
0.09328586
0.049986523
-0.06683665
0.09244
-0.022021776
0.17461483
0.051922683
0.044238627
0.120588824
-0.20896827
0.14030209
-0.18928817
0.07766846
-0.0054020765
0.029329756
0.055844102
-0.17047055
0.1541608
-0.026718644
0.04383831
0.19518027
0.22605471
0.15252113
-0.19689737
-0.008269126
-0.029852513
0.07107878
-0.0525117
0.010628335
0.18374139
0.06467795
-0.07296702
0.08728956
0.014092314
-0.23811314
0.034950852
-0.1852622
0.061370194
0.16677503
0.09357647
0.103046134
0.12852584
-0.11141809
0.01327619
0.13158605
0.18680316
0.05087912
-0.040709674
0.04567867
-0.067567095
0.14900562
0.11508856
0.11726036
-0.03214529
0.026053784
-0.15478712
0.11447282
-0.045486532
-0.13009937
0.061447166
-0.06749123
0.092016645
0.021114735
0.0049391673
-0.020390494
0.043104324
0.06047439
-0.18396553
-0.010192561
0.13073431
0.017024683
0.12293917
-0.034688186
-0.031501837
0.08539479
0.12562911
-0.0006769503
0.016847592
0.023602068
-0.03929025
0.024994927
-0.013142773
-0.08585442
0.02885012
0.17506309
0.014620412
-0.14250568
-0.09648554
-0.04164096
-0.02016003
0.087445274
-0.058473606
0.17261796
-0.045826744
0.057230473
0.15077652
0.072082974
0.044682857
0.11570864
-0.059015837
-0.05943707
0.01122647
-0.01660049
0.01645255
0.035086088
0.13533977
-0.09338423
0.024152039
-0.0004333674
0.05329592
-0.05090757
0.050692014
-0.41810033
-0.09656228
-0.14986387
-0.10549569
0.16819827
0.2619491
0.1878077
-0.012975838
-0.014697652
0.12176507
0.077726565
0.022858238
0.04275609
0.22992751
0.1600045
0.046176746
-0.19109602
0.004234808
-0.066165484
0.04400443
-0.053115338
0.030403245
0.19254088
0.0091979
-0.14084426
0.087665915
-0.06908628
0.052748397
0.10551005
0.0915651
-0.11802268
-0.06323552
0.065589204
0.06264658
-0.04627996
-0.115175165
0.17191924
0.18155462
0.29937574
0.07387107
-0.06209095
0.2584417
0.12840666
0.048796296
0.01387358
0.04819191
-0.47658893
-0.15878442
0.17282921
-0.10294066
-0.20361833
-0.13675213
0.063345306
0.34047547
0.012681945
0.18743204
0.08674007
-0.20471719
-0.030635944
-0.14260943
0.18833014
-0.14907686
0.18068683
0.2982067
0.12243719
0.08526744
0.18250835
0.03556187
-0.0012945599
-0.05095003
0.03842644
-0.03714635
-0.04638284
-0.12559798
-0.14375573
0.19893447
0.06049463
0.12132085
0.18708244
-0.056008644
-0.07096567
-0.0063482434
-0.017978236
-0.060425717
0.009696609
0.10438665
0.06577616
-0.007025373
0.06913203
0.06346653
-0.026166575
-0.06142414
-0.067035705
-0.0543068
0.14678414
-0.10478374
-0.15090854
0.10964447
-0.03647708
-0.14077123
0.11451473
0.1081141
0.0270279
0.13706902
0.011160758
0.031287856
-0.030929869
-0.23012848
0.24697953
0.16000217
-0.05456298
0.07350561
-0.15508448
0.12502778
0.07827909
0.036621593
0.10507195
0.20700735
0.11761946
0.042476356
-0.13081664
0.020523792
0.09958012
0.13346212
0.09852964
0.020271119
0.14786123
0.23062634
-0.14076744
0.13497917
-0.024637198
-0.24150309
-0.18798038
-0.23017325
-0.10314304
0.11051069
-0.10761655
0.07049673
0.12572834
-0.22113445
0.27838275
-0.12780647
0.19235167
-0.10589901
-0.13226873
-0.02416524
0.38236177
0.04678224
0.029222852
-0.16942497
-0.10570729
0.013613373
-0.0677627
0.22818717
-0.015999494
-0.017709365
0.092864364
0.30729663
0.008281859
0.28386784
0.114724904
0.14744346
0.20346333
0.14291923
0.06125321
-0.10428534
-0.0016155211
-0.068484105
-0.2197381
-0.055020876
0.0483136
0.043274116
0.10629771
0.011516539
-0.13498028
0.020484488
0.1455397
0.043597322
-0.114248484
-0.014907459
0.11019237
-0.08453132
0.005241407
-0.05450528
-0.037336156
0.09914559
-0.15393506
0.0061281635
0.07966348
-0.2050674
-0.06941216
-0.00563266
0.05867802
-0.10550091
-0.28233838
0.005215918
0.045965835
0.20013049
0.069888815
0.10847199
-0.06100915
0.043637883
0.0043399287
0.058641445
-0.17373069
-0.017714515
-0.056576982
0.08579132
0.07680142
-0.039815165
-0.05277566
0.018175557
0.114652656
0.09747173
0.040169775
0.06953429
-0.10389635
-0.012899577
-0.0933961
-0.24288166
0.053917363
0.1296212
-0.17884743
-0.09020486
-0.28792384
-0.011459958
0.17260164
0.18705164
0.10530846
0.11058321
-0.13225292
0.09158332
-0.06223445
0.19079365
0.086724386
-0.085563995
0.13939077
0.022007128
-0.15203671
0.19141744
0.055963434
0.037917353
-0.032681096
0.14691412
-0.063951395
0.09914498
0.066684306
-0.06802283
-0.07722799
0.011962274
-0.09403165
-0.12175326
0.15531029
0.0070813955
0.0829892
0.14836617
-0.013095764
-0.029395865
-0.053009648
-0.12409485
-0.17960975
-0.1491739
-0.12403858
0.10796562
0.0016887913
-0.086564675
-0.06694382
-0.12543206
0.15879425
0.0689552
0.13919792
0.072383605
-0.0132992435
0.032196384
0.14446144
0.13460685
0.12215159
-0.056753464
-0.010338625
0.02674614
-0.003614502
0.073121384
0.084491044
-0.055118125
-0.051394075
-0.07048818
0.13208108
-0.157293
-0.13771982
-0.01804541
-0.18266813
-0.09669812
0.13362992
-0.06740381
0.0799524
0.12541209
0.02653515
0.08762954
0.004899419
-0.0131431045
0.00695011
0.03346314
-0.0013412233
-0.102235176
-0.09984485
-0.009044545
-0.041489065
0.034879155
0.017558347
0.20846257
-0.017840348
0.08707182
-0.13748685
0.16556099
-0.15258169
0.13822553
0.05476367
0.20658244
0.001231998
-0.22631411
-0.05347641
0.11372656
-0.016865524
0.07087017
-0.020056726
0.13698155
-0.111239016
0.008165813
0.050495114
-0.16324085
0.033019412
0.07479932
-0.09850538
-0.113964595
-0.047637682
0.074285135
-0.053450078
0.065812595
0.089309044
-0.25456873
-0.04798152
-0.08996617
-0.0037481678
-0.057564728
-0.063448325
-0.046108738
0.13742702
0.08745118
0.12279014
-0.06571229
0.14040253
-0.029924698
-0.1682055
0.17584217
0.016104946
-0.08165827
-0.04205053
-0.015837971
-0.10680829
0.04215984
0.09698783
-0.10062077
-0.12776296
0.08994679
0.00058843533
-0.2013481
0.054918323
-0.10102266
0.068581276
-0.08345217
0.0048113237
0.019292152
0.091072015
0.051941648
-0.06918324
0.10687197
-0.023962555
0.05759838
0.13461147
-0.17703483
-0.032837898
0.13996458
0.017133905
0.13241158
-0.025031095
0.20813651
-0.23297454
-0.07084658
0.069765225
0.01867697
-0.047602527
-0.028562784
0.1421857
0.07049498
-0.009364082
0.03867327
-0.10553673
0.11444715
-0.23613358
0.040624406
0.047060624
0.13522291
-0.117164806
-0.15367371
-0.15595673
0.06431267
0.08617161
-0.10555811
0.0149511
-0.025938196
0.1427002
-0.13612945
0.016584167
0.11315651
0.009246262
-0.090681985
0.28630456
-0.047194116
0.1789153
0.10487373
0.16022272
-0.12360495
-0.122850426
-0.030617619
0.012009871
-0.047482777
0.009064793
0.035844278
-0.08199638
0.018653605
-0.07793207
0.13350148
0.047159877
-0.0899713
0.044245586
0.0744676
0.08827161
0.07351581
-0.07173091
-0.16920696
-0.09149029
0.22973913
0.055348434
-0.11355591
-0.027757384
0.11225125
0.09883035
-0.0049811415
-0.013379118
0.005884344
0.12165952
-0.054064196
0.09664827
-0.014477569
0.025223346
-0.13106331
0.20081449
-0.0142211635
0.068614215
0.0029306877
-0.04658698
0.04285817
-0.027846938
0.07834533
0.13644697
0.032225978
0.03633698
-0.12298766
0.19744402
-0.043679275
-0.09742273
-0.14505962
-0.013363914
0.2110949
-0.024076568
0.03368241
-0.03041131
0.06730818
-0.0059705297
0.013839578
0.09841441
0.07968979
-0.09606514
0.03470279
-0.25086865
0.14509554
0.14760488
0.28649706
0.065307885
0.12125373
0.040191527
-0.16441663
-0.08646894
0.1499607
0.15965854
-0.23547477
-0.25506252
0.1109123
-0.012826813
0.01282315
0.030938625
0.17001101
-0.21002667
0.16567762
0.042176295
-0.12555423
-0.079707034
-0.0018655431
-0.18339428
-0.22823249
0.15349951
0.08988672
0.32638216
0.054469086
0.31248957
0.10772024
-0.035026386
-0.08122828
-0.16093864
-0.28089947
-0.008469394
-0.14825729
0.035196535
-0.007887534
0.02343926
-0.09345856
-0.052828725
0.16097441
0.072814874
-0.034669813
-0.14420165
-0.11850559
-0.054162007
-0.18557212
0.16221744
-0.17355274
-0.082584366
0.030237162
0.072913185
0.006822222
-0.08465079
0.2735064
0.11052913
0.30411756
0.18857276
0.16743821
-0.11665288
0.08322886
0.05374078
0.28915095
0.09945608
-0.11095942
-0.1368551
0.07546831
-0.032724664
0.14153506
-0.05857852
-0.06983093
-0.06977297
0.070688464
0.26405248
0.017684141
-0.08020883
0.042225726
0.24142425
0.24994041
0.170748
0.096070796
-0.12689711
-0.21506311
0.13883933
-0.139289
0.026898243
0.2843332
-0.2021215
-0.15467551
0.050672725
0.025534905
-0.0063810716
-0.0392181
-0.1322873
0.010269785
0.042457532
0.016911814
0.08494064
0.09402926
0.08566449
-0.025345525
0.1183515
-0.043084994
-0.03150355
-0.02048158
0.06156042
-0.013849891
0.035062373
0.040578954
-0.10203741
0.13983624
-0.082709625
-0.02958243
0.057899367
0.11336614
-0.051134016
-0.08422729
-0.019673679
0.13044558
-0.10209026
-0.09015788
0.27548993
0.09030917
0.18651259
0.101033136
0.01749431
-0.13528544
-0.042512428
-0.19925036
-0.028724851
-0.26395047
0.13290288
0.029843325
0.24944092
0.009832773
-0.037930556
-0.057607956
0.04051649
0.024351494
0.038750578
0.0071670813
0.044666953
-0.0062810197
-0.1840262
-0.16262789
-0.037824456
0.23734859
0.10546905
-0.0059392597
-0.09249715
0.131955
-0.12443861
0.22471802
0.13509199
0.11302283
0.21442725
0.19242121
-0.2408459
-0.16319515
0.07343586
0.41580555
-0.06815
0.09774478
-0.15071608
0.122951604
0.060919892
-0.00045811333
0.05625714
-0.21902
0.057460126
-0.03433603
0.077602394
0.1425026
0.09409198
-0.070005305
-0.10137468
0.14086074
-0.034059837
-0.10449897
-0.16559115
-0.10647434
-0.03503664
-0.47712857
-0.019054405
0.3897462
-0.043317597
0.109256014
-0.084805675
-0.04428764
-0.00055175996
0.24916679
0.1704818
-0.07403281
-0.012469702
-0.041911226
-0.013498309
0.23002118
-0.18346716
-0.09715803
0.05722215
0.010827763
0.020486321
0.08082631
-0.10543166
-0.17222276
-0.016733052
0.015110742
-0.044686966
-0.021535767
0.004115016
-0.1357692
0.0026503445
-0.102375604
-0.061042737
-0.027304133
-0.106359124
-0.17539781
-0.088736035
-0.1247421
-0.04655108
-0.076014325
0.03326133
0.13045742
-0.024585446
-0.08466706
-0.060734786
0.20886673
0.2275377
-0.11344661
-0.15791047
0.010169203
-0.071645565
-0.0025824832
-0.015317628
0.016091187
-0.027244624
0.062201314
-0.053208582
-0.06572885
0.104586095
-0.0135608055
0.077106886
0.122903466
0.04653749
-0.009577766
0.18925977
0.092784844
-0.035502218
0.04853645
0.040913314
-0.24018362
0.15641578
0.10601152
0.13886426
0.07887388
-0.08161537
0.060171857
-0.12617122
0.05232248
-0.13524
-0.19472538
-0.06404356
-0.07772713
0.052161623
0.012332215
-0.3221702
-0.015417961
-0.020504344
-0.10009388
-0.016443942
-0.13142042
0.12227254
0.068551674
-0.11796277
0.20337754
-0.08726243
-0.13982485
0.15081868
-0.023022301
-0.039506655
-0.130237
-0.13427055
0.04222359
-0.030756284
-0.048067607
0.08306212
0.022632727
-0.16385087
-0.030831773
-0.031299874
-0.11792776
-0.052665483
0.031664163
-0.092236444
0.12403163
0.1469042
-0.091500215
0.004992467
-0.018492412
-0.011002996
-0.019827554
0.053777218
-0.04168243
0.0049549714
-0.09898163
-0.0013489656
-0.18178762
-0.09530615
0.07669604
-0.12154863
-0.020455714
-0.04250713
0.0054018176
-0.0012171855
0.012281038
0.002751938
-0.18999453
-0.009825028
-0.07350063
0.0771941
0.04267483
-0.06526742
0.0240228
0.03606512
0.17893668
0.08718578
-0.007217475
0.038364246
0.049055938
0.07201698
0.017394735
0.08493376
0.058097083
0.0142345475
-0.015715197
-0.119601056
0.06323409
0.030792164
0.09271525
0.035828352
0.039887328
0.031965155
-0.04235505
0.06250133
0.07597277
0.057150375
-0.13490991
-0.108050525
-0.07794954
-0.05665057
0.21685617
-0.15134823
-0.08282926
-0.10197441
0.098272674
-0.04487013
0.12947069
-0.11995349
0.010450282
-0.08619355
0.05448353
-0.07839497
-0.14674313
0.08988596
0.085237704
-0.052088287
-0.04632409
0.06687941
-0.008591202
-0.12944147
-0.094631724
0.13603887
-0.026293656
0.006976501
0.08419891
0.07779799
0.10398256
-0.015238721
-0.14275952
0.043792736
-0.04023275
0.11405191
-0.011070526
-0.07433842
-0.024792202
0.0009801416
0.066805005
0.037195858
-0.011747303
-0.0647759
0.08892461
0.024214987
0.0028825088
-0.0064598103
-0.06694381
-0.18247695
0.03971524
-0.053659737
-0.15656066
0.065278724
-0.10265706
-0.06835134
0.09184202
0.037757013
-0.21909393
0.0063555785
0.037433412
-0.035720594
0.092178635
0.027568053
-0.008694822
0.053753402
0.12632884
-0.062465336
0.012953883
0.074536964
0.019045046
-0.12243013
-0.1651684
-0.10331324
0.06789608
-0.17115285
0.008107766
0.003976712
-0.108234756
-0.052703533
-0.16977732
-0.020572472
-0.12916294
-0.09424333
0.023600101
-0.06577514
-0.1612691
-0.07120597
-0.07672801
0.006292496
-0.092274174
0.09248878
-0.1127646
-0.10517786
0.089757375
-0.024292689
0.113175645
-0.06661965
0.10601921
0.001631766
-0.10693115
0.07298672
0.11054693
0.03215016
0.034780495
-0.1428238
-0.016156046
-0.11416875
-0.089210734
-0.029626932
-0.1061971
-0.009856207
0.05060891
-0.08036018
0.00887234
-0.08850143
0.13781762
-0.04886872
0.06767151
0.11050397
0.13806611
0.040259883
-0.13763414
-0.051040318
-0.20173027
0.071279526
-0.09978862
0.015671862
0.10202507
-0.17812516
0.036926385
-0.00829024
-0.18803595
-0.07460436
-0.0798919
0.025901187
0.027992131
0.07145598
-0.119984314
0.07655842
-0.035002805
0.08915569
-0.08608876
0.027781751
-0.09197523
0.05493848
0.14375715
0.20162866
-0.1034834
0.037709318
-0.039211687
0.022051513
-0.113604896
0.13881844
-0.11743841
-0.14520799
-0.15667722
-0.011876954
0.11684294
-0.18309443
0.042315435
0.013270588
0.2812575
-0.09170168
0.21409295
-0.12692945
-0.063534155
0.033225223
0.14813969
0.043754645
-0.038227823
0.20462707
0.07467453
-0.12180477
0.32406598
0.09843514
-0.2471337
0.17922829
0.11602909
-0.053526364
-0.13498951
0.039818656
-0.09568652
-0.016789895
-0.20182881
-0.038012058
-0.10070685
-0.05745296
0.015636139
-0.060074195
-0.08003868
-0.15429819
-0.057349145
-0.08093319
0.079140246
0.050924946
-0.042003386
-0.11449225
0.014445381
-0.030966876
-0.023080269
0.12135797
-0.19968502
0.1666883
-0.11152223
-0.035399444
-0.14231417
-0.19251052
0.054092646
0.094676
-0.108166054
0.18070474
0.012971126
0.074825265
0.014701652
-0.14883953
0.10068918
0.047791775
-0.07460468
-0.18442182
0.10381728
-0.15366651
-0.038821936
0.030724175
-0.13647294
0.013001521
-0.10517918
0.12361698
0.05081577
-0.14036086
0.03078556
-0.18241952
0.25588214
0.10411235
0.0034704835
-0.19289194
0.019092394
-0.20524737
-0.10730789
-0.032065716
-0.07599172
0.057718847
0.075217284
0.0028882357
-0.0051621366
0.10566781
0.19390385
0.055200808
-0.13341987
-0.0014925095
-0.27414358
0.08721195
0.19005147
0.035451926
0.045323174
0.17136292
-0.08804605
0.06825413
0.12125224
-0.0007620177
-0.010326858
0.074496314
0.023250956
-0.007822126
0.14769714
-0.046228707
-0.15709102
-0.08544896
-0.07576558
-0.067901544
0.012269761
-0.06910201
-0.021908477
0.16527285
-0.04070231
-0.051662423
0.08971564
-0.07727907
-0.11010991
0.03669373
0.05662625
-0.08334402
-0.038925346
0.0013134815
-0.099037744
-0.0059342775
0.087339185
0.027322613
0.111877665
-0.32344487
-0.08279157
0.04929707
0.20107889
0.07730261
0.093443885
-0.16248733
0.16786426
0.033819273
0.10085589
-0.12233089
-0.08641708
0.042121977
-0.18213744
0.064428374
0.020980883
-0.051132552
-0.100916326
0.12179762
0.041132577
-0.17446522
0.017209128
0.16271211
-0.028485859
0.060436472
-0.048120268
-0.0068749757
-0.037785906
-0.1819804
-0.24680263
0.107790515
0.15519689
-0.019021655
0.10922411
0.04965344
0.1091985
-0.12521595
-0.01496592
0.0063288556
0.26076913
0.20019644
0.20265414
0.05499915
-0.115400724
-0.027306654
0.2551892
0.2721169
-0.1096484
0.10806965
-0.05557917
-0.30520886
-0.17458165
0.16390137
-0.109278284
0.024450995
-0.016433956
-0.13583823
-0.096413806
-0.058059465
-0.024923934
-0.21550483
0.05982311
0.061354335
-0.002887298
-0.034809068
0.09736617
-0.117815286
-0.12233768
0.011086777
-0.07400432
-0.120348714
0.024455944
0.078903034
-0.033994265
-0.0027305817
-0.027488478
-0.12137688
-0.15932907
0.17708713
0.016015675
-0.03335483
0.05109493
-0.055087272
-0.020328464
-0.049304623
0.0513783
0.09323828
-0.16751647
-0.00741504
-0.059688635
0.024295183
0.21459375
0.01334617
-0.03324769
-0.0036316453
-0.09098016
0.099763505
0.06837655
0.0006870211
0.13320184
0.18793155
0.052182507
-0.06522046
0.124254815
0.047976416
-0.072124675
0.03393244
0.015514497
-0.31626463
-0.18074758
0.07251059
0.07054949
-0.055825695
0.08132317
-0.00642803
0.19821976
0.10553108
0.109369636
0.033248957
-0.095952414
-0.011057383
-0.087622926
0.18251625
-0.30323067
-0.07044262
0.01165193
0.27766258
-0.013740088
-0.00076696515
0.12762809
0.11025703
0.33446124
0.34327957
-0.003054811
-0.28510988
0.35769033
0.049828645
0.20757346
-0.07467357
0.114269905
0.07647391
-0.34240243
0.17295556
-0.08668006
-0.35512626
-0.2251772
0.0569951
-0.15019158
-0.039114825
0.4395069
0.19335759
-0.2640996
0.07101082
-0.043086253
-0.1616205
0.087151244
-0.14185476
-0.15409635
-0.026937094
-0.0021886085
-0.016579604
0.18220733
0.21797614
-0.013660448
-0.004899935
0.07703768
0.11323109
-0.08410264
-0.05688774
-0.05405084
0.0657927
0.15009113
0.05323694
-0.03898136
-0.09575992
-0.20282573
-0.2331353
0.0022567534
-0.1333845
0.00021875279
0.111402825
-0.104702026
-0.028987087
0.07716883
-0.10683664
-0.016917117
0.043112684
-0.17639038
0.08318298
-0.112434626
-0.04278499
-0.048969515
0.16277392
0.01923408
-0.015953466
0.104361095
-0.056326877
-0.1438457
-0.064838976
0.013685598
0.10833165
0.0058580507
-0.00860344
0.123836115
-0.18485887
-0.061813124
-0.028016688
0.017257264
-0.17182145
0.024748135
-0.09969081
-0.031999853
-0.06786534
-0.03499597
0.03138851
-0.087932974
0.08732088
-0.11530851
0.08394263
-0.13577017
-0.04811875
0.10355436
0.022238895
0.079152495
0.19375415
0.02631532
0.013723979
0.0691625
0.20071469
-0.06867448
-0.16404611
0.10597046
0.06978951
0.020909173
0.022684677
0.042935174
-0.085637935
-0.028582368
0.11931582
0.081433944
0.014268942
-0.06140401
0.15737382
0.025001375
-0.04507957
-0.06905539
0.00654576
-0.0068482924
0.12825145
0.03505992
0.10013893
-0.07851428
0.15415011
0.12806371
0.05763838
-0.11119498
0.06515618
0.16116273
0.05679717
0.11042713
0.086507484
0.19307639
0.06392023
-0.030293178
0.14783356
0.19442815
-0.14667282
-0.118714415
0.03134503
-0.074021846
0.05266881
0.01944275
-0.09212973
-0.21066844
-0.04544553
0.04515517
-0.108569205
0.22314423
-0.028087327
0.13239752
0.11701789
0.15201993
-0.030170914
-0.086080454
0.0075955517
-0.11569196
0.12388688
0.16676344
0.19366509
0.10792186
0.17781548
0.19491744
0.13949476
0.14209618
-0.085092396
0.01588124
0.10680049
0.056499917
-0.13475393
-0.15456182
-0.049997304
-0.11992181
0.10852378
0.077807814
0.016595652
-0.14517011
0.07383979
0.17657201
0.050234325
-0.0032345892
-0.068190426
-0.21634999
-0.15639168
-0.25451642
-0.1068481
0.051457044
-0.13489126
0.012995024
-0.2820148
0.09715752
-0.16417496
0.04318927
0.13799001
0.20296654
0.13947996
-0.07837704
-0.06509843
0.020009264
0.09738516
-0.18265459
0.071754254
0.086104274
0.012019584
0.20450787
-0.20991121
-0.045874625
-0.28223708
-0.046532154
0.09109874
0.14004062
0.13353561
-0.13772376
0.028356021
0.016121315
0.14124845
0.12632236
-0.036489874
-0.010033128
0.008678404
0.028713522
-0.026163187
0.15746085
0.064458065
0.011242578
0.098475106
0.05080212
-0.110112876
-0.029351477
0.03674725
-0.1415129
-0.04366387
0.032290895
-0.05933567
0.14270125
0.01760914
0.15987043
0.07733099
0.15850674
-0.043187268
0.089538306
0.0069474867
-0.10775919
0.08459151
-0.011358306
0.06552796
0.03192441
0.060992498
-0.085669965
-0.01864808
-0.09629817
0.077895805
0.0022597522
-0.17603405
-0.15694398
0.20830138
0.05380995
0.09234338
-0.053324845
-0.034108445
0.00063547527
0.016614033
-0.104309
0.09057262
0.012840132
0.11884616
0.10945193
-0.047283076
-0.10139879
-0.028825777
-0.1421947
0.078668945
0.06935451
0.1539729
-0.18070284
0.16031672
-0.15256312
-0.09069719
-0.0026002543
-0.030350083
0.061383646
0.075451665
0.0037808109
-0.016059274
0.07306571
-0.16912422
0.118782304
0.08714389
-0.050675936
0.22188795
0.39013782
0.3700209
-0.08948345
-0.1812611
0.22271164
0.17327307
0.13994074
0.124697775
0.31888804
0.123887226
0.19467764
-0.19544508
-0.16041428
-0.2246995
0.022529272
0.053328596
0.12778027
0.20081368
0.21855742
0.07937093
0.3401783
0.08887623
0.020958466
0.06851772
0.18134719
-0.17770447
-0.18052137
-0.05891811
-0.03551846
0.0053771283
-0.15362567
0.16061164
0.13446844
0.23651718
0.110660404
-0.019408349
0.19649036
0.1693643
0.08401979
-0.08219807
-0.087112896
-0.19280061
-0.29267347
0.25268233
0.055846855
-0.17625296
-0.122658804
0.028536716
0.28495666
0.07507882
-0.14575939
-0.16069764
-0.19990638
0.060554
-0.13929726
0.08934989
-0.1602931
0.14521039
0.20425782
0.004763995
0.08500551
-0.058153998
-0.009664793
-0.07855168
-0.0067733
0.074208826
-0.09011333
-0.04474648
-0.08122265
-0.005551054
0.08802303
0.011788068
0.24123439
0.03070278
0.070362225
-0.024739595
0.02769525
-0.059022248
-0.008243507
0.019409077
0.011098302
0.168171
0.12213519
-0.0016114941
0.11091771
0.13879623
0.05829767
-0.1000291
-0.013591127
0.046488244
0.07185181
-0.20866778
0.14926705
-0.013882336
-0.1250011
0.071624674
0.25493202
0.21944891
0.05560394
-0.086266994
-0.089604236
0.22436292
-0.020044023
0.04968975
0.14798573
-0.029536724
0.1891051
-0.14180404
-0.09586608
-0.09063482
0.0038660706
0.013819535
0.08042431
0.11823732
-0.24543254
0.03927929
-0.031010058
-0.11865763
0.098129645
0.0657583
0.16739193
-0.012536972
-0.010995769
-0.22892442
-0.21874255
-0.1620967
-0.0892624
-0.17291145
0.0075121666
0.032203555
0.00051897235
-0.09769371
0.060759373
0.13299586
-0.37064886
0.1746987
-0.16044882
-0.026822653
-0.076058336
-0.16556849
-0.06627124
0.1854734
0.057347015
0.11534524
-0.28444645
-0.15313123
-0.07080727
0.045012727
0.17480099
0.19282824
0.028045092
0.18182772
0.29021147
-0.15424928
0.2907845
-0.080297045
0.02821606
-0.0007932093
-0.040055376
0.1113888
0.06466506
-0.0036936654
0.09167152
-0.049650323
-0.17979887
0.014522293
0.07217319
0.15118541
0.11939032
-0.015056382
0.11357218
0.046087496
-0.08857854
0.15509325
0.09890312
-0.044765882
-0.004985829
0.07999319
-0.024751386
-0.035133928
-0.19456005
-0.1532053
0.1866864
-0.012438258
0.05027213
0.02148912
0.1224042
0.0706433
0.05847473
-0.0010810234
0.028636461
-0.13039339
0.09422663
0.14052214
0.10231396
-0.11938256
0.130011
0.093238294
0.16594522
0.0007494994
0.09492575
-0.19487734
0.11790775
-0.0219269
0.18265836
-0.0020150384
-0.17646301
0.09698612
-0.10206626
0.095860496
0.12278539
-0.02606503
-0.044341896
0.075032994
-0.22572395
-0.11272
0.19234493
-0.013861124
-0.089035645
-0.34191838
0.067259416
0.23784561
0.12670393
0.10519503
0.07837816
-0.30402747
0.12547092
0.09909738
0.08409773
-0.011335946
-0.028768025
-0.042872142
-0.20052491
-0.25245526
-0.06960016
0.027803183
-0.22297002
0.105996534
-0.010635327
-0.11564985
-0.04771744
0.09923156
-0.124801286
-0.105068564
-0.1339965
0.0015083398
-0.16084564
0.057896715
0.060921352
0.07629093
0.11661233
-0.1488515
-0.18625577
-0.038494363
-0.17393279
-0.13166492
-0.109835826
-0.15460461
0.025360068
0.18303241
0.15125383
0.10718073
-0.12286719
-0.0709317
-0.12702112
-0.1630128
0.07729024
-0.13346465
-0.0626058
-0.059343178
-0.010861352
-0.12340698
0.07758802
-0.09514034
-0.030986398
-0.078815125
-0.09870955
-0.12770714
0.13911213
-0.14690375
0.05682952
0.06125765
-0.056625985
0.025020681
0.047847457
-0.03265627
0.00815629
-0.12762244
0.05817527
0.16701663
0.0151367225
0.19375983
-0.04158115
0.047819242
-0.089629
0.060125936
-0.16546705
0.049103875
0.04759708
0.0026229129
0.0036409912
0.1298276
0.12143082
0.12863626
0.13385482
-0.056903243
-0.036420166
-0.14808165
0.07200685
-0.08484335
0.15221201
-0.17976591
-0.00032025215
-0.18369345
-0.15362144
0.13529876
0.046559405
-0.09777479
0.017969223
0.124555886
0.0072340425
0.06343607
-0.074121855
-0.0023977049
0.05414856
0.019028269
0.07141262
0.08918978
-0.015590629
-0.05912837
0.026976233
0.078887284
0.0019533953
0.113925956
-0.04276646
-0.19323346
-0.039096743
0.080712825
0.12992193
0.1265297
-0.18806092
-0.06803248
-0.035271656
-0.03200001
0.15800302
-0.036848795
-0.07038191
-0.01777799
0.042812567
-0.1852233
0.025013492
0.06948156
-0.07461058
-0.053114176
0.055891972
0.027093431
0.09949467
0.08853028
0.11872285
0.0044850074
-0.03914001
0.06244863
0.21216764
0.063949056
0.0419124
0.18210045
-0.06106741
0.1270588
0.11807669
0.0036056994
0.15624098
-0.1461804
-0.042425368
-0.06174498
0.03346288
0.032521836
-0.09712226
-0.04850668
0.09722538
-0.14634353
0.09508674
-0.15367791
-0.18159942
-0.1505624
0.14130849
-0.049305033
-0.11802677
0.0893501
0.067243755
0.047918998
0.09108718
-0.053753488
-0.06019956
-0.03826552
0.06344219
-0.024496928
-0.04254733
-0.074977234
-0.13331367
-0.045278594
0.1207539
0.026509354
-0.013088263
0.0011653753
-0.2197414
-0.019039858
-0.0701343
0.12087687
-0.0018858606
0.013193342
-0.16497861
0.079202905
0.07611604
0.019096842
0.0136962
0.028863635
-0.045222864
-0.1942145
0.004275547
0.18252598
-0.0703093
0.15106297
0.06320663
-0.036958203
-0.037152607
0.038873434
0.09291681
0.05841318
0.11292647
-0.055042777
-0.12444793
-0.007445251
-0.18372093
0.05620675
-0.16696593
-0.02456763
0.1657349
-0.06775678
0.031635392
0.023208017
0.16123162
-0.0031202147
0.001316561
-0.114549994
-0.041187517
-0.10575451
-0.107880905
-0.007609586
0.07944485
0.090746865
-0.09501655
0.21077207
-0.053338345
-0.050998792
-0.03519493
0.103344776
-0.006275145
-0.05289145
-0.10527591
0.108670704
-0.052617367
-0.003506522
0.08974069
0.11028408
-0.19200355
0.11223514
-0.18427618
-0.08338654
-0.006317998
0.061436538
0.09847231
0.13816035
0.047364846
0.03329233
0.053865608
0.14909299
0.1457482
-0.24759461
-0.0528914
-0.18252283
-0.0417582
0.12421772
0.19495235
-0.11019509
-0.10713869
-0.062030636
0.015603502
-0.0386495
-0.09975688
0.0022776697
-0.29877055
-0.24072239
-0.14650257
0.13011864
-0.08953825
-0.1372422
-0.03261217
-0.22512268
0.15324956
0.035482533
0.002820699
-0.18518107
-0.09613232
0.041618556
-0.15344912
-0.019407727
0.15944384
0.29405478
-0.17986678
0.18143697
0.007910225
0.087881245
0.20166498
-0.15826046
-0.084978476
0.027737156
-0.06610129
-0.005189362
0.26045448
-0.21687841
-0.11868068
-0.07569947
0.20500202
0.15564364
-0.040967554
-0.18702213
-0.09249639
0.015228328
-0.3289579
0.16607442
-0.03295961
-0.0025044105
0.06325242
-0.026633019
-0.008358154
0.080724545
0.3375415
-0.15986155
0.17399913
0.025079392
0.048619907
-0.15804882
-0.2121577
0.029091503
-0.007523373
0.1065333
-0.036709633
-0.13717031
0.21948124
0.0006145028
0.25537637
-0.04403328
-0.013936177
-0.36127988
0.04043146
-0.011343824
0.10047538
0.0339878
-0.16694465
0.055739634
0.038576398
-0.05176188
0.15092209
0.038365472
-0.13574022
-0.052524857
-0.1596638
0.04575534
0.26484296
-0.2165019
-0.066565156
-0.10960619
-0.14658308
-0.137934
0.060257442
0.013336279
0.027474932
0.13125688
0.009202692
0.006490909
-0.044498045
0.0055391057
-0.12974373
0.047804616
-0.1796409
0.035089947
-0.020796357
-0.055040427
0.044160366
-0.062238958
-0.023101393
0.04607838
0.051937144
0.020484537
0.024586102
-0.041732673
-0.13608472
-0.12812845
0.012325531
-0.093051344
0.01825233
0.031047128
-0.01669908
0.14669059
-0.036804006
-0.038151883
0.19060656
-0.041226286
-0.25874013
-0.13565809
-0.011670319
0.016207267
-0.2315188
0.06932152
0.103365324
0.024280773
0.05903157
-0.03297841
-0.07246513
-0.013798252
-0.013896383
0.024364507
0.06780486
0.008936077
-0.01979023
-0.168338
-0.015116149
0.02179506
0.07522096
0.07686743
0.06127393
-0.019282974
0.07628686
0.031620715
-0.01775552
0.08475956
0.07105954
-0.01886283
0.22507456
-0.32095462
-0.026959192
0.108847976
0.40628025
-0.06771591
0.044356108
-0.08993544
0.13468209
-0.15083328
-0.004197029
0.10254273
-0.13706517
-0.1376228
-0.123358026
0.0799328
0.19276468
-0.2500454
0.024053156
-0.43678805
0.07545041
-0.014540628
0.004316136
0.09931118
-0.044483025
0.10440981
-0.4544305
0.11305641
0.32214212
0.10376962
-0.05329391
-0.092736945
-0.036832206
-0.0038526454
0.027404446
0.01159857
0.07367199
-0.1315722
-0.022896344
-0.13526003
-0.06826349
-0.0004808591
-0.11079847
-0.08449249
-0.06555951
0.040280797
-0.047668137
-0.10701018
-0.05028616
0.013294004
-0.13080516
-0.009366701
-0.053804994
-0.013982776
-0.07012153
-0.16776666
0.014529069
0.06684213
-0.041839205
-0.07163874
-0.11269227
-0.2136107
-0.13559999
-0.09613214
0.073841274
0.13354439
0.16896744
0.016790003
-0.025799721
0.05758735
0.19781934
-0.028853435
0.06579603
-0.0068494175
0.022378283
0.03174385
-0.17972772
0.1260482
-0.028963769
-0.022528341
0.01654517
-0.0972094
-0.073901184
0.051124834
0.027066182
-0.046082485
0.13805494
0.056905232
0.07504415
-0.029727384
0.08155518
0.03823488
0.25811157
-0.006886727
-0.24324629
0.18743286
-0.08958647
0.030575503
-0.14263952
0.07211292
0.014837871
0.040731966
-0.13113439
-0.23103383
-0.48902997
-0.1875766
0.14031076
0.024015741
0.037668865
-0.34667915
-0.04960697
-0.0074960054
0.16737138
-0.020432673
-0.15181752
0.15746103
0.09900023
0.061899498
0.087173745
-0.06799195
-0.13268055
0.096365936
-0.027136885
0.011178175
0.1077233
0.13171712
0.037355527
-0.015005676
0.020909935
-0.18327405
-0.05626222
-0.049854532
-0.16767126
-0.021446394
0.059992585
-0.060930565
-0.05652393
-0.079094864
-0.113378786
-0.04853979
0.075299546
0.00085082726
0.050462022
0.15052284
0.15162835
-0.03211848
0.016826652
-0.014471907
0.12006198
-0.06920889
0.014942681
-0.055428125
-0.014749056
-0.0147763165
-0.16258344
-0.088319525
0.082511745
-0.007168089
-0.16583744
-0.02483507
-0.043816157
-0.03352153
-0.088215806
0.007343526
-0.073732994
-0.023110025
0.08052581
0.039321672
0.097865425
0.06585686
0.07694938
0.016092267
-0.14574075
-0.015908724
0.04739694
0.1685296
0.108957596
-0.05798801
0.037596308
-0.15716349
-0.041224338
-0.0920301
-0.014869158
-0.07201934
0.09420332
-0.04537752
-0.07046628
-0.032756437
0.015475369
0.11433755
-0.09051101
0.17326209
0.03505491
-0.089653485
0.04967127
-0.2531617
-0.13900562
-0.1544623
0.12237278
0.025643596
0.038262762
0.00024175752
-0.14239512
0.14875296
-0.007828711
0.13047291
-0.17005092
-0.0477361
0.043037612
0.00050402875
0.17105229
0.10551154
0.07321399
-0.19374539
0.037580717
-0.097595364
0.0336033
0.17608538
0.063282505
-0.09757584
0.14862938
0.06660305
-0.037294544
0.018883005
-0.09831333
0.035641856
-0.097658716
0.07805263
0.01232993
0.11726663
-0.0067768293
-0.19205202
-0.14305373
-0.12849562
-0.068348795
0.048272774
-0.0560975
-0.05543305
-0.0041160965
-0.033794153
0.14453255
0.08673775
-0.062005054
-0.0072150123
-0.027549004
0.026838712
0.10876494
-0.06644582
-0.17891245
0.08731292
0.026785009
0.030691184
0.017660717
-0.13605773
-0.22317354
0.027141234
-0.09738791
-0.040798582
0.0897548
0.17380235
0.013884028
-0.1508882
0.14559555
0.06300406
0.046730928
-0.16026786
-0.013788425
-0.04662213
-0.020321745
-0.19175799
-0.026302721
0.044325296
-0.14571308
-0.2115703
-0.098542355
0.031367075
-0.14927071
-0.010792734
0.02889916
-0.12951761
-0.12060649
-0.095113136
0.17262214
0.01710946
0.08288736
-0.05291935
-0.14308128
-0.2735644
0.04168972
-0.060234204
-0.17738189
0.008097341
0.12644517
0.010454527
-0.023659064
0.034135785
-0.0035171492
-0.080126144
-0.017340323
0.11998152
-0.00547057
-0.104382955
0.16719286
0.015979322
-0.099068135
-0.11410937
0.10268941
0.103541106
0.0032408733
-0.07825321
0.12668839
0.15018834
0.07574938
0.09745291
-0.08236717
0.0041086557
-0.07275807
0.0077922125
-0.014224726
-0.12071104
-0.11092575
-0.099111326
-0.15447974
-0.083063796
0.093491755
-0.042119905
0.067540854
-0.010880492
0.12691174
0.15929855
-0.13265473
0.05443375
-0.08765843
0.12053474
-0.029983096
0.13197893
-0.10783018
-0.018947406
0.088506386
-0.0828555
0.015294228
0.13113785
-0.041285217
0.17045753
0.0879231
0.03867693
0.12275484
-0.028456328
-0.062965505
-0.087326884
0.030067615
-0.07867802
0.08484728
-0.019352235
0.18280095
-0.09182383
-0.03586383
-0.10398639
-0.016795896
0.16752711
0.15315947
-0.0842517
-0.09464299
0.0070629725
0.26971903
0.2841607
-0.15616967
0.1602822
0.14338762
0.035559777
-0.071366005
0.04318987
-0.08207235
0.099691026
-0.07191026
-0.02121477
-0.028733322
0.16999017
-0.092456214
-0.07473968
-0.053670265
1.7748931e-05
0.04690956
-0.17340633
-0.09131856
0.08613319
-0.025699351
0.15371583
0.14901227
-0.006373144
0.050061107
0.03653443
-0.09137134
-0.09024671
-0.13993222
-0.121818125
-0.042813484
-0.10361162
0.1921324
0.0026549993
-0.077444695
0.017390223
0.064523526
0.05430702
0.10890196
0.09126957
0.112975314
-0.10570624
-0.013291586
-0.110800356
0.1565817
0.09472222
-0.023849007
-0.15290147
-0.20019399
0.008854325
0.21760726
0.23691624
0.06293706
0.10912132
0.068576664
-0.20975512
0.14637591
0.010283332
0.10226626
-0.29130453
0.08411937
0.038324103
-0.00752915
-0.055877756
-0.29472634
0.051729683
-0.060507216
-0.2802424
-0.11719229
0.17155893
0.08785036
0.061174374
0.04152047
0.0011413395
-0.067244664
0.15257657
0.102315575
0.067774326
0.09772244
0.033706937
0.12628475
-0.09638228
-0.034173205
-0.013106197
-0.037738666
0.0551942
0.0006445166
0.08604674
-0.07800178
0.09798113
-0.042621695
-0.12475958
-0.21663404
-0.0387983
-0.0631532
0.03926751
0.087815754
0.05064959
0.07484479
-0.07644522
-0.13281311
-0.10317695
-0.0517834
0.049299877
-0.08230264
0.06799272
0.1030939
0.08345578
0.022897555
-0.008294787
-0.04240717
3.1653608e-06
0.02304611
-0.29117554
0.07020024
-0.038544707
-0.11260477
0.16146964
0.01488986
-0.057639588
0.09206108
0.047629353
0.12227791
0.0597724
-0.22282156
0.09468433
0.007132931
0.0002972153
0.17214061
0.0480613
0.10810019
0.08977106
-0.014162941
-0.14738062
-0.036088552
-0.015734091
-0.12607373
-0.024544531
-0.064554214
-0.060607787
0.0033543482
0.011371239
-0.17378117
0.18644941
-0.0043844343
0.0443238
0.10988574
0.10436493
0.17610274
-0.115647554
0.03804452
-0.0701825
0.22271518
0.22858173
0.35181445
-0.033803396
-0.15530194
0.02155687
0.24417306
0.29949844
-0.0052682287
0.10357289
-0.14975016
-0.21830672
0.0882996
-0.11098747
-0.19204661
0.0022384906
-0.025547206
-0.09629862
-0.18329261
0.13671345
-0.070279226
-0.24231641
-0.2140206
0.009667109
0.028683862
0.1562912
-0.1485877
-0.06057814
-0.00074804074
-0.09531592
-0.15914094
-0.09595849
0.010382244
0.051512398
-0.02639483
0.009827882
-0.04102422
0.047293093
-0.112465054
-0.022690596
0.03432762
0.102677345
0.15375836
-0.09882619
0.11655921
0.023923058
0.02235516
-0.15246762
-0.19064985
-0.14914118
-0.06778115
0.010803107
-0.063463315
0.08092712
-0.11093976
-0.06301341
-0.08776384
0.12191356
-0.120217614
0.06272075
0.22063737
0.17169096
0.043106444
0.010134389
0.11054882
0.17186935
-0.060039405
-0.0041564954
-0.19188198
-0.25869384
-0.04374799
-4.7992427e-05
0.046176784
-0.016449083
-0.13078007
0.11153082
0.24539232
0.034145225
0.05013183
-0.0022382848
-0.13047594
-0.05268357
-0.1262138
0.20838082
-0.2730859
0.12742361
-0.06506844
0.31702083
-0.022817036
0.08655484
-0.058295093
0.01592622
0.16747525
0.28135502
0.02065377
-0.04384985
0.26991263
0.111015774
0.12352332
-0.29762942
-0.038499787
-0.1266167
-0.19491954
0.16143385
0.08231508
-0.09512011
-0.20543773
0.03563988
-0.10571996
-0.18283617
0.257668
0.20744608
-0.19008757
-0.1239476
-0.16078928
-0.16676709
0.28034368
-0.033925712
-0.097035035
0.09112225
0.081250794
0.08005157
0.18313935
0.088413656
-0.1875326
0.05316326
-0.0672165
0.07529911
0.035678994
-0.14784747
-0.019096304
-0.1570911
0.113691
-0.10848893
0.19444971
0.10157552
0.070331305
-0.21645868
0.090032235
-0.1059797
0.10491311
0.086592
0.164965
-0.02171681
0.05013388
-0.08605323
0.14939646
0.030707756
-0.062859364
0.011986009
0.13176697
0.15694042
0.10910338
-0.05966093
0.09267586
0.110079914
-0.08078335
0.017527368
0.04924334
0.013550298
0.038033653
-0.107461534
0.020080013
0.07697174
0.019909788
0.010241628
-0.1125187
-0.10821282
0.035362374
-0.059526145
0.09261786
-0.15759818
-0.13458148
-0.04995265
-0.059761085
0.13302682
-0.1307124
0.06841776
0.13307996
-0.089230366
-0.16270363
0.009839063
0.072839424
-0.06068949
0.065005116
0.029145049
-0.028990913
-0.010998701
-0.16002132
0.003652321
0.0117736235
-0.1697076
-0.098565795
-0.064948104
-0.08335446
0.14942853
-0.032848645
0.013172854
-0.13564415
-0.061520904
4.2994834e-05
-0.022148022
-0.056649286
0.030537555
0.19148926
-0.0038755804
-0.007108884
0.067811914
0.17527664
0.025303094
0.0080411825
0.04132499
-0.05037038
-0.00094174314
-0.036794968
0.045504116
0.068487264
-0.050356846
0.0027937933
0.23136023
0.05759477
-0.018255759
0.008652771
0.14746906
0.08763825
0.023815505
0.16945924
-0.07646591
0.11893027
-0.07662024
-0.14380103
0.17416762
-0.04207534
-0.05273444
0.15520115
0.07206943
-0.028231107
-0.045670316
0.07673466
0.12729727
-0.20138286
0.0036625362
-0.027417881
0.014457654
-0.1780673
-0.05118454
-0.027966566
0.044478778
0.030018585
0.08689143
-0.12555948
0.14702027
0.12043967
0.089209564
0.07837302
-0.21083282
0.040006645
0.20746867
0.074497856
-0.0039076614
0.03733308
-0.1179578
-0.03659968
0.0855493
-0.009423791
-0.05547538
-0.041342854
-0.02847435
0.1766446
-0.018119201
0.072966374
0.07868295
-0.19342703
-0.16259882
-0.10019856
0.08081167
0.12713651
-0.053293034
0.024324808
-0.09604764
-0.059448097
0.151118
-0.04958223
0.24485987
0.15354218
0.19108592
-0.018962018
-0.06829565
0.013506324
-0.013433101
-0.022619635
0.07361305
0.24599768
-0.08892571
0.0007393654
0.06062411
-0.0018005042
0.03592966
0.05214409
0.14529268
0.06386931
-0.09078864
0.06911785
-0.025448931
0.09772262
0.051141407
-0.082657315
-0.0059907394
0.10016962
0.043085646
0.056062225
-0.12471869
0.041496467
0.20051464
-0.101811856
-0.03987693
-0.022244664
-0.022117157
-0.039690793
0.21939261
-0.02508435
0.010973282
-0.10205464
-0.1516224
0.035470776
0.04486827
0.106225885
0.04692634
0.10616775
0.024525866
0.12595955
0.02555329
0.0151231075
-0.15336792
0.066305876
-0.044199903
-0.136779
0.13923664
0.21144338
0.06283019
-0.06668537
0.11080543
-0.05000435
-0.05598144
-0.0826421
-0.12107028
0.08384042
-0.110715404
0.06193176
0.07072012
0.05027911
-0.14131801
-0.056178775
0.015729746
-0.21408392
0.091260105
-0.11376845
-0.107765354
0.057943415
-0.047145996
-0.033629112
0.12920912
-0.007902135
0.16952726
-0.11035387
0.015007188
0.06557797
-0.07765154
0.018580407
-0.047006655
0.07130566
0.10134609
0.19672504
-0.009160082
0.10110281
-0.09947265
0.015511928
-0.24160871
-0.051731307
0.15282993
0.14135145
0.15990575
-0.14105538
0.0331643
0.004588894
0.058218077
0.031215075
0.14822903
0.05952799
0.08381607
0.2802071
-0.25728422
-0.23290676
-0.18368135
0.024082175
0.1128326
-0.031052722
0.19446829
0.084432304
0.20488238
0.24129403
0.14450689
-0.031607803
0.025435096
0.10965495
-0.05947792
-0.060035598
0.08185827
0.1414213
-0.13165873
-0.21515091
0.12513843
0.3698636
0.09115519
0.14155926
-0.038183965
0.07719261
0.31785452
0.033763755
-0.18077265
-0.023450674
-0.2774538
-0.09093876
0.06618403
0.13780786
-0.28096405
0.15202193
-0.17865945
0.045206744
0.11025748
-0.052760534
0.058477495
-0.2079065
-0.00079048314
-0.13231267
0.03039782
-0.25765568
0.055385314
0.2544839
0.018844612
-0.057585437
-0.020772347
0.094907396
0.059101496
0.010921744
0.08138372
0.09490352
0.06635509
-0.06786954
0.03759033
-0.040878154
0.108899444
-0.0007274075
-0.055302482
0.020693015
-0.10055312
-0.06470997
-0.06445593
0.13842694
0.1149512
0.13878986
0.048451573
-0.077504225
-0.0817333
0.0952662
-0.06532062
0.084564425
0.0816335
0.029297795
0.068105295
-0.070559636
-0.18354265
0.12166316
-0.114181094
-0.08415083
0.25221583
0.2498553
0.14812574
0.014039086
-0.012047932
-0.09756519
-0.11444118
-0.09484574
0.20863286
0.08692111
0.045272656
0.087448075
-0.24511442
0.15711983
-0.05301722
0.14322545
0.009338111
-0.0029402166
0.025455717
-0.25689584
-0.2110467
0.021822765
0.17106947
-0.062189132
0.1121926
0.20085858
-0.03510296
0.12939943
-0.09407686
-0.03671475
-0.05852997
-0.30654243
-0.15816455
-0.02763278
-0.2462311
-0.062851354
-0.16653015
-0.050012406
0.10869512
-0.05319637
0.29777336
-0.24942158
-0.05761463
-0.271847
-0.11465019
-0.07217469
0.34040412
-0.010438434
0.1092169
-0.3796884
-0.053744882
-0.06156355
-0.079645894
0.16512334
-0.03666151
-0.056832664
-0.13249294
0.13410138
-0.0010460692
0.004069243
-0.056200244
0.17963143
0.012756092
0.105028905
-0.001628626
0.166199
-0.021287635
-0.19233477
-0.089634985
-0.122122996
0.10322326
0.02985114
0.011321469
-0.029908905
-0.0008178855
-0.14152071
-0.091627315
0.039932787
0.024773939
0.033394795
0.08955125
0.09937753
-0.0258796
0.049937326
0.13820967
-0.11827467
-0.093687594
-0.053657234
-0.06537141
-0.25524348
-0.1722919
0.0723135
-0.13466914
0.1177555
-0.048787065
0.014721716
-0.020110885
0.037622936
0.26091605
0.007454387
-0.018827146
0.08784362
-0.12728092
0.21123096
-0.048402987
-0.22573331
0.0028090572
0.030198298
0.059365697
-0.019022832
0.12678963
-0.2395444
0.0911847
0.029115494
-0.18339945
0.12690808
0.0115869995
-0.0022551003
-0.0074001523
-0.085141435
0.095166095
0.29690304
-0.074690014
-0.17200625
-0.15549642
0.058775462
0.08468745
0.19024393
0.05094529
-0.14549528
-0.25864846
0.17537045
-0.12832996
0.10909532
-0.15918358
0.13171351
0.07503663
0.009380785
-0.09056243
-0.097570546
0.12409428
-0.21207084
-0.11002179
0.20484906
-0.02958768
-0.08232391
0.16898008
0.16580063
-0.05712497
-0.023514668
-0.011961229
-0.052460544
-0.08768338
0.044380657
-0.016738923
0.040452346
-0.0022353234
0.15297195
0.021647839
-0.14526595
-0.011122778
0.09637882
-0.046986204
-0.047182467
0.11213052
-0.024328884
-0.028222723
-0.07293383
0.08012429
0.0037765782
0.044903323
0.1329697
-0.023005372
0.08353642
0.09267469
-0.18414687
0.020946601
-0.03274628
0.0005741461
-0.123571396
0.007408015
0.13252217
0.014006582
0.06577054
-0.106905006
0.016388705
-0.017786264
-0.07537318
0.124153115
-0.017035417
-0.08310727
-0.04075279
0.03561093
0.063712366
0.027976666
0.09152921
0.03933139
-0.1226581
-0.044898003
-0.040872574
-0.018000154
-3.8684142e-05
-0.029647531
0.056124926
-0.02641224
-0.0064779613
0.05448469
-0.027066307
-0.16873996
-0.14635433
0.1175836
0.16222014
0.07350815
-0.12542495
0.09222259
-0.14593886
0.15089987
0.13118936
0.018234244
0.063040115
0.02815385
-0.1657773
-0.08236136
-0.004216381
-0.05540565
-0.10793063
0.09041143
0.07181953
-0.058829237
-0.018322801
-0.1296604
0.12758027
-0.019958587
-0.035375245
-0.044049848
-0.013606541
-0.09202013
0.05683314
-0.12487015
-0.2360466
0.027582183
-0.07408366
0.07146593
0.044721052
-0.13922064
-0.11955871
-0.03447024
-0.08723943
-0.104218915
0.12345652
-0.013205012
-0.1736245
-0.009121081
0.13585453
-0.15966845
-0.0402647
0.06489441
-0.032888103
-0.06158724
0.061169885
0.0039666714
-0.15242904
0.07058936
0.10704139
0.018196719
-0.08544694
-0.16489114
0.21550064
0.13353609
0.11751485
-0.05772208
0.15111482
0.16847631
-0.09181175
0.036350653
0.10077861
0.033318967
0.055648014
0.09586028
0.037355058
0.01042593
-0.06366224
0.02966132
-0.11589971
-0.13669181
0.057652317
-0.10310784
0.032875996
-0.09625915
0.055751976
0.109664015
-0.16827446
-0.1582816
-0.085294165
0.18189283
0.059717044
0.10131877
-0.14729331
-0.30988207
-0.07117364
0.047628026
0.018966928
-0.05648738
-0.20827812
-0.06185522
-0.098178886
-0.00043122153
0.16519673
0.03726707
-0.07978207
-0.10107384
-0.043390926
0.016392414
0.071042165
0.09377126
-0.019543419
0.18553892
-0.08102228
0.12508261
-0.147562
-0.043623302
-0.056772515
0.098703824
0.09777972
-0.016402595
-0.1069858
0.10038866
0.19513533
-0.08874259
-0.053805314
-0.06834458
0.16573955
0.13090004
0.01844007
0.016812688
-0.0065237144
-0.011937636
-0.11840649
0.18001239
-0.071077295
0.047948144
0.072375715
0.095763065
0.044386163
-0.07386423
0.24045886
0.023875497
0.11591605
-0.01703814
-0.12821923
0.14901501
-0.09880189
0.030243894
0.024417074
-0.14782341
-0.0065698833
-0.0757826
0.087260485
-0.101576366
0.0008964602
-0.06414503
0.11051229
0.11910461
-0.16282941
-0.013233338
-0.10169741
-0.0007555402
-0.09545038
-0.048387628
0.14414257
0.06347666
-0.10235163
0.029195184
-0.12658815
0.023394858
0.10639981
0.09034096
0.056303605
-0.041143052
-0.010562492
0.11104124
0.09346639
-0.013510978
-0.14914855
-0.0061486275
0.022360595
0.0045042015
0.27468407
-0.053918537
0.10300866
-0.008180369
0.026187845
0.10645593
-0.1348354
0.28022194
-0.16481924
-0.05668717
-0.03232223
-0.033343047
0.09009972
-0.007675497
0.07461948
-0.21231556
0.19676295
0.17867655
-0.034730066
-0.02099301
-0.02598126
-0.2570222
-0.022338135
-0.079911895
0.2434505
0.113407016
-0.16332327
0.2953066
0.21475834
0.08673718
-0.08186472
-0.1674823
-0.13424158
-0.19386609
-0.2310354
0.032099538
0.08265121
0.13883282
-0.17576632
-0.09365309
0.15187821
0.1200853
-0.08948601
-0.06836064
-0.15520075
-0.06297129
-0.36692354
0.14921552
-0.0458002
0.012518151
0.15797889
0.09175559
-0.120479316
0.2644319
0.11340521
0.06285461
0.16266036
0.03038234
-0.055399083
-0.114393786
-0.04105562
-0.04996139
0.2811712
0.17154637
-0.10364058
-0.0059502544
0.16824904
0.017404873
0.26932096
-0.20590448
-0.11068641
-0.32433033
-0.050934367
0.09945956
0.13773762
0.037185952
-0.07480087
0.037257466
0.14208318
0.11113381
0.24801616
-0.08539759
-0.13971876
-0.002096771
-0.014628008
0.102849886
0.25925943
-0.118008584
-0.26928967
0.007066029
-0.05995639
-0.13257383
-0.0138847
0.080023326
-0.06333698
0.08779149
0.0768359
0.009728866
-0.04330024
0.04946461
-0.13861197
0.022433309
-0.1253768
0.08849936
-0.17567948
-0.16934973
-0.10030209
0.16920249
0.04263932
0.16002858
-0.020087937
-0.08419074
-0.0021714324
-0.08873616
0.16557279
-0.17775576
0.22661948
-0.013801454
0.09397807
0.103737414
-0.020545937
0.22755104
-0.165894
0.07598863
0.025496054
0.08581672
-0.25871608
-0.047568396
-0.043528814
0.13434047
-0.12534226
0.05166589
-8.7679604e-05
0.11575068
-0.04482475
-0.17952909
0.15879273
0.031432502
0.06367905
0.15127675
-0.1312181
0.004636127
-0.076335214
-0.18046743
-0.12509242
0.022164237
-0.057237808
0.14747387
-0.07339973
0.1375429
0.06493091
-0.09241626
0.015929982
-0.00905253
-0.12365649
0.036815956
0.2244755
-0.34817016
-0.25205085
0.24029873
0.32297122
-0.18738301
0.04642689
-0.07738861
-0.09776258
-0.15299381
-0.14171569
0.22754674
-0.116169326
-0.15724269
-0.005695403
-0.00056223036
0.06462629
-0.23132464
-0.069870755
-0.36753863
0.22111864
-0.07853754
-0.13417351
-0.034077883
-0.052213546
-0.012000383
-0.4073039
0.116958156
0.066516444
0.19410215
0.011559668
-0.014607158
0.018371059
-0.058749635
-0.028477699
0.09354028
-0.046846837
-0.09267333
0.010717777
0.061446432
0.09638571
-0.02169398
-0.04915716
-0.034025155
0.017136475
0.046793398
-0.028423792
0.05397276
-0.019852186
0.19288793
-0.039287493
-0.019128067
0.13877144
0.0058340793
-0.0007683275
0.024059674
0.04156028
-0.07463919
0.16030724
-0.084961325
-0.17467418
-0.11825158
-0.13081463
0.12298184
0.19410709
0.0031714125
0.1207577
-0.17742479
0.103062205
-0.17730707
0.18393107
0.22690128
0.20722605
0.0062322556
0.20198181
-0.03713928
-0.005265116
0.06160984
0.013415575
0.015226806
-0.06483013
-0.074962355
0.0623255
0.036253177
-0.054317206
0.05649484
0.091236256
0.20029686
0.063053444
0.026896683
0.16737923
0.0066709016
0.07079449
0.0020953633
-0.030877054
0.14380315
0.02950438
0.053322356
-0.11321409
0.087698564
-0.05728533
0.070181005
-0.16205163
-0.26699412
-0.3779356
-0.040724657
0.12344223
-0.057655085
0.19074658
-0.3414461
-0.11494664
-0.05080783
0.0068271025
-0.09331484
-0.027627002
0.13887708
-0.14380305
0.057953224
0.25770175
-0.116263814
-0.14765726
0.123352736
-0.034678675
-0.00043160518
0.25425783
-0.07224085
-0.03363404
-0.04683778
-0.13113394
-0.093475595
-0.013922859
-0.12789178
0.025191844
-0.006833815
-0.03372354
-0.17964149
-0.09899055
0.042551704
0.12427004
0.17933992
0.0771443
-0.1063658
0.15932427
0.027333874
0.14036341
0.03189234
-0.044959873
-0.08544484
-0.1290621
-0.058361776
0.018750763
0.10601322
0.15678966
-0.101860106
0.011488474
-0.0684038
-0.117732346
0.0020215602
-0.11387127
0.08417948
-0.0075492393
-0.17949265
-0.03267648
-0.20521359
0.1950071
-0.025357595
-0.0350015
-0.029742787
0.13742869
-0.10262887
-0.015902918
0.1140057
-0.1703065
0.049255867
0.16013554
0.021617783
-0.15592678
0.14610812
0.024705276
0.017747032
-0.12331458
0.1294493
0.07973179
-0.00072005147
0.041224074
0.010720101
-0.15956354
-0.033115175
-0.03674074
-0.058255557
-0.17551632
0.06349213
0.056029383
-0.08959783
0.12007571
-0.174544
-0.0014240652
-0.028661236
-0.023459263
0.073790856
0.06718248
-0.037014946
0.01380226
0.120866954
0.10924109
0.060203116
0.06776388
0.06801999
0.19047432
0.11942814
-0.060880993
-0.10997787
0.024789082
-0.035590835
-0.045819398
-0.032574702
-0.07230485
0.20297801
0.015902152
-0.059990637
0.08214642
0.035837714
0.020165185
0.12888542
-0.018078247
0.025829999
0.1252006
-0.003327531
0.13022217
0.14997585
-0.012061595
0.14538342
-0.044101994
-0.10043491
-0.009894498
0.19672549
-0.20725876
-0.23214962
0.055685308
-0.049078476
-0.019257827
-0.19289981
-0.05728097
0.0585936
-0.05682467
0.063278995
-0.009296625
0.04307093
-0.016317267
0.1659881
-0.026476305
0.098245814
-0.12845513
0.08895556
-0.06704123
-0.14790308
-0.06171529
0.075917445
0.08461557
0.0101794815
0.074373834
-0.054363344
-0.08175662
-0.11434355
-0.16934873
-0.21831626
0.054104842
-0.15164095
0.03880743
0.010604987
-0.2025375
0.08563242
-0.084602445
-0.04586536
0.028757207
0.106116444
-0.0481724
-0.119284876
-0.045841355
-0.16046682
-0.13906921
-0.023418393
0.09100945
0.019010307
-0.10745982
-0.049447447
0.13499142
-0.16266803
0.08607342
0.023593633
-0.08534696
0.09855253
-0.018480068
0.12505582
-0.17196883
0.037244584
-0.0073932614
0.027758764
-0.012820519
-0.09907309
0.0015603659
-0.21449451
0.050812766
-0.10192468
-0.009628446
0.009280911
0.14562601
-0.062660456
0.01779002
0.0022264407
0.006509607
0.047027435
0.16628264
-0.16978517
-0.044226035
-0.100890934
-0.025830131
0.06828244
0.12245954
-0.0742814
0.04250062
-0.14657897
0.01714314
-0.13360548
-0.036142375
0.121119834
0.09476873
0.064475946
0.021286871
0.03327039
0.010404325
-0.10907645
-0.066510186
0.07628789
0.1515941
0.09281181
-0.016167397
-0.08589242
-0.05376936
-0.08935392
-0.10015171
0.024725137
-0.15855812
0.043597125
0.066150464
-0.019580742
0.055927612
-0.070058316
-0.024387721
-0.05864654
-0.0450241
-0.017909247
0.18983427
-0.24161752
0.053105302
-0.056266233
-0.0069012633
0.05497714
-0.0052255588
-0.036069848
0.035410866
-0.07975472
-0.19822736
-0.14398919
0.13015272
0.20079085
-0.0035346218
0.0762441
-0.018336982
0.0023173972
0.07947544
-0.17708218
-0.14474462
0.13104184
-0.10658043
-0.047804326
-0.23940155
0.20206892
-0.05963328
0.0092654945
0.003926515
-0.04745147
0.06717583
-0.20714714
0.14512324
0.054042023
0.17964883
0.21339473
0.006740451
0.03266595
-0.053628545
-0.033667102
-0.11017361
0.16013432
-0.05681616
0.22979027
-0.011052476
0.095743805
-0.08341393
0.19741529
-0.15898553
0.19185017
-0.0066042496
-0.12439567
0.03396436
0.02575282
0.20039396
-0.04415861
0.08177695
-0.06675449
-0.0014743436
0.044124562
-0.005406383
-0.11351119
-0.15072776
0.054269914
0.077313885
0.2899322
0.1436048
0.1277623
-0.085025445
-0.27640945
0.14993306
0.15983737
0.009812124
-0.22130139
0.049101446
0.004882904
-0.12994778
0.14695612
-0.12904188
0.07859453
-0.12615396
-0.15470201
0.15460224
0.11871845
0.003290345
0.035828274
0.16693304
-0.083621584
-0.16927649
0.19475573
0.0006606914
0.14353548
0.12488361
-0.07431268
0.0072322623
0.042228512
-0.08845806
-0.1607809
-0.16313581
-0.0665837
0.03206798
-0.09307862
0.035915345
-0.12791142
0.10519922
-0.012916877
-0.07018646
0.07942975
-0.037674844
-0.06097835
-0.119402245
0.11363093
-0.08483113
-0.025580313
-0.075244494
0.03113674
0.15099028
-0.11386342
0.038660705
0.1682792
-0.06831714
-0.022437355
-0.0326415
0.08270142
-0.10271104
0.014031667
0.021586886
-0.040912952
0.0131775895
0.013560612
0.005063767
0.156564
0.039485026
0.028454913
0.08096296
0.020897398
0.15402298
-0.057059206
-0.10188146
0.048504643
0.1170061
0.23417005
0.19289814
-0.05790738
0.052768797
-0.07814067
0.13851212
0.0542032
-0.15352826
-0.027095681
0.19380619
0.13972029
0.17971149
-0.17654082
0.064933985
-0.053351305
0.10963337
0.005694921
0.057546206
0.17954442
0.35074723
0.10999965
0.15924151
0.01584439
0.03189255
-0.055116355
0.17571831
0.14909783
0.24567047
-0.062328566
-0.24281457
0.1087653
0.22468646
0.28330135
-0.09238201
-0.063853085
-0.16930565
-0.21433625
-0.07102449
0.03260409
-0.17256352
0.09124665
-0.14432803
-0.0025662836
0.009151583
-0.06646918
0.13413382
-0.15131792
-0.05094986
-0.17491509
-0.14666003
-0.01999737
0.13297969
-0.017547285
-0.13490297
-0.13099623
-0.10977301
-0.17157796
0.035834458
0.086153
0.20078847
0.026781395
0.024330977
-0.035831165
-0.06576837
0.05407528
-0.047303777
0.07654879
0.10112662
-0.14711106
0.0072159874
0.006177614
0.17139667
-0.21173902
0.16680129
-0.03165469
-0.022563767
0.06185827
0.090002224
0.090384886
0.027791018
