-0.059932526
0.10067053
0.13302417
-0.004453583
-0.09969393
0.12827249
-0.04161961
0.2847288
0.18552426
-0.30622387
0.28461802
-0.07372471
0.009595587
0.16881257
-0.008446562
-0.1303099
0.105595745
0.02700222
0.18760277
0.15995814
0.09857243
0.20141564
-0.059067518
-0.2526732
-0.03895081
-0.006240131
-0.19680224
0.12634864
0.12488745
-0.38823348
-0.18562996
0.22755885
-0.11254788
-0.29483846
0.08274166
0.08692943
0.07917066
-0.10414566
-0.15807706
0.045573305
0.23086156
0.2317485
-0.012242383
-0.07366368
0.10443045
0.050970808
0.024628067
0.08245
-0.13113917
0.21379673
0.24326624
0.042889897
-0.09938725
-0.08127346
-0.0005993696
0.2757465
0.22135685
-0.067009814
0.124328956
-0.052074287
0.3046486
0.23204812
-0.18234989
-0.0399327
0.052808773
0.19187929
0.12205658
0.36875126
0.20349604
0.11696342
0.12934668
-0.17878936
0.14143895
-0.07789541
-0.23906556
0.08668984
0.03898858
-0.17258409
-0.11591656
0.09512216
0.02090779
-0.27907398
0.016244708
-0.07558466
0.030561503
-0.15011902
-0.06780594
0.050036844
-0.0854409
0.3034874
-0.12661056
-0.06008522
0.094196044
0.24307346
0.2265348
-0.04652664
-0.10619664
0.16106345
0.15156609
-0.041520823
-0.093262054
0.08109322
-0.06434699
0.1810538
0.16033463
-0.19684142
0.19120836
-0.16517623
0.1675639
0.15944344
-0.09270892
-0.13528009
0.19638385
0.09217065
0.077811025
0.22383966
0.06941821
0.065550104
0.14290613
-0.039377272
0.11876388
-0.097858824
-0.09173315
0.15248936
0.08342306
-0.34174243
-0.20329104
0.014519426
-0.042416003
-0.3047786
0.18547367
0.06550862
-0.046908524
-0.17453201
-0.06876542
-0.09615464
0.10614846
0.20734186
-0.028369492
-0.10929045
0.13995636
0.17582935
0.25005627
0.015021408
