-0.7062623
0.16680475
-0.14585268
-0.44164354
-0.27906182
0.1873088
0.15262426
0.11400676
0.021117225
0.17235585
0.16579923
-0.18707038
-0.118040286
0.066280454
-0.16473041
0.06751319
-0.12094852
0.15517765
-0.003649551
0.00091718737
-0.105222605
-0.0038849018
-0.08070917
-0.007965152
0.1220694
0.016076842
-0.11939669
0.029657796
-0.087816395
0.13665451
0.1778197
0.0056765624
-0.0713302
0.067423545
-0.083072454
0.13463134
-0.16655393
0.040575232
-0.1287017
-0.10133788
0.10640615
-0.33774224
-0.5968798
0.21172993
0.10326009
0.20938039
-0.10091617
-0.40807444
0.13583077
-0.0556733
-0.15002836
0.18947995
0.092815906
-0.05530002
-0.03889522
0.03546565
-0.12844692
0.0006868078
-0.06773189
0.04890122
-0.17516947
0.029536368
0.055434123
-0.024624111
0.012604482
0.09385376
0.032758676
0.0012094369
-0.02447969
-0.06663077
0.038749892
0.0015204579
0.16630715
-0.069352515
0.038769986
0.024731912
0.0013134504
-0.032816887
-0.088082224
0.037561055
-0.13289064
0.095972575
-0.025461055
0.07476524
0.15644352
0.008625125
0.08169407
-0.02777147
-0.090380885
-0.025870487
-0.46525103
-0.20033053
-0.3513491
0.2664713
0.2517966
0.1434119
0.3117763
-0.1515311
-0.34931815
-0.48220095
-0.115171716
0.17128626
-0.06012185
0.05643542
-0.14942484
-0.053122375
-0.044500407
-0.03337227
0.03459086
0.07095935
-0.03999121
0.021819105
0.15215378
0.044178274
0.05333398
0.039482523
0.14066532
0.07615062
-0.050932895
-0.068349116
-0.12475441
0.07052523
-0.19160125
-0.01740233
0.06085036
-0.0021344447
-0.0058801975
0.084481835
-0.06165704
-0.083423816
0.19832821
-0.022426397
0.25994104
0.3167892
-0.40756446
-0.35043076
-0.42782563
0.09324688
-0.19200891
-0.3257648
0.1911227
-0.03988546
0.18053573
0.11323496
-0.09965562
0.03498564
-0.094901435
0.008424083
0.17012097
-0.060592964
0.17322731
0.0011778442
0.16910206
0.0030172775
-0.016346227
-0.11014751
0.06822383
0.07037071
0.00328795
0.1020161
-0.21430963
0.041896816
-0.2579992
-0.027347105
-0.4141247
0.18174174
0.3212507
-0.3051009
-0.4336145
0.16411236
-0.051587738
0.079803295
0.15460107
-0.040882163
-0.10323931
-0.14248744
-0.084378175
-0.05662002
0.015070447
0.033376414
0.025504421
-0.047404457
0.013621473
0.034189284
-0.06313434
-0.056206323
0.03770732
-0.19735831
-0.008087777
0.18884334
-0.1628455
-0.16113491
0.19240332
-0.30195582
0.25154033
-0.26200673
0.035778556
0.091036215
0.26206934
-0.23223913
0.32419038
-0.49906355
-0.20064454
0.1066051
0.12697554
-0.076791815
-0.3190128
-0.36862803
0.09711447
-0.193111
-0.020204322
0.076205544
0.09344291
0.0017916093
-0.0973992
-0.05230555
0.05133142
-0.11627445
-0.12575729
0.090564445
-0.111925475
0.06462615
0.08282942
-0.07009244
0.11792262
0.03424395
0.033686064
0.18531694
0.07771447
0.059776705
0.15423888
-0.5281434
0.13730806
-0.16094312
0.124009155
0.08345882
0.10129362
0.0613985
0.08960175
-0.5084625
0.05835367
-0.15887548
0.121713124
-0.12633473
-0.13564965
0.105647705
-0.08045984
0.025861973
-0.14356111
-0.076539345
-0.06833935
-0.040731084
0.052411493
-0.06292128
-0.04029026
0.04114627
-0.10749978
-0.02432198
-0.04031502
0.069968626
0.11470707
-0.002660563
0.107936464
-0.435035
0.08287128
-0.48312113
0.061729763
0.09828073
0.06558374
-0.5024054
0.15490802
0.13335674
-0.2281551
-0.16867411
-0.60815185
0.14708471
-0.2407793
0.17472361
-0.22181417
0.052863933
-0.5108938
0.1678736
0.119990796
-0.46978608
-0.4192347
0.062924646
-0.1904451
0.15856925
0.124171674
0.121799566
0.09190729
0.07033866
-0.012101072
-0.05421745
-0.0065658395
0.022544362
0.054307997
0.11014709
-0.02987872
-0.026133664
0.062746644
-0.015962172
-0.08106423
-0.075901106
0.0754424
0.00038326293
-0.08684355
0.07356849
0.053776607
0.023902893
0.11901886
0.081079304
0.1729698
0.14714266
0.16903572
0.03732084
-0.045348283
-0.054694016
-0.074217305
0.044005807
0.18184815
-0.05321986
-0.017269574
0.027567571
-0.0011183348
0.117844805
0.016894188
-0.08632163
0.067745395
0.12748799
-0.057786398
0.056698937
0.07173963
0.3143917
0.24417241
-0.04641375
-0.40359107
0.14410195
-0.18882446
0.29345593
-0.1710692
0.27481183
-0.10880633
-0.31126988
0.037333578
0.27905893
-0.27557692
0.26692134
-0.22503789
-0.38656223
0.0053575044
-0.095826946
0.047972452
0.15452647
-0.09462939
-0.07554871
0.047763925
0.07463366
-0.01354657
-0.19441597
-0.1431183
0.0040379837
0.057308566
0.14824145
-0.07691128
0.090394154
-0.01631426
0.06802345
-0.014850961
-0.00083739875
0.08119717
0.07591314
-0.01897766
-0.10348352
0.17626864
-0.29054585
-0.34421572
-0.35632247
0.23559755
-0.017774248
0.0853636
0.09565187
0.077707216
-0.7032227
0.08655235
-0.06722839
-0.3510558
0.109730676
0.09088711
-0.3827071
0.058563888
-0.063152164
0.088541895
0.027983218
-0.096996665
-0.039101154
-0.122777805
0.035982907
-0.05906189
-0.042510428
0.23683825
-0.33587426
-0.408698
-0.2263135
-0.26618874
0.17461497
0.21180275
-0.24490628
0.12313082
0.18492995
0.048953727
0.16893542
0.037002284
-0.07198137
-0.119399086
-0.16423513
-0.005138255
0.022161458
0.073151
-0.061658926
0.12203921
-0.29489702
0.10012695
-0.44952056
0.111876436
-0.56772095
0.12871209
0.14399695
0.10946736
-0.34897915
0.07521479
0.21488899
-0.40042755
0.2617235
-0.5257583
-0.19381244
-0.38150302
-0.09853647
0.08313999
0.23144992
-0.03299195
0.16436623
0.00755795
0.03870242
-0.09259474
-0.07771789
0.11694114
0.08064092
-0.10556465
-0.016304635
0.03633606
-0.2021128
-0.33517057
-0.20959106
-0.5220126
0.18215986
-0.18446459
-0.18895866
0.18318158
0.21208456
0.1277387
0.13146248
-0.013478838
-0.06943136
-0.123108916
-0.038104843
-0.0548427
0.12045447
-0.024587182
-0.12181651
-0.1439807
-0.106235795
-0.06705963
-0.034432475
-0.08331206
0.16548298
0.11436746
0.12440432
0.00086336804
-0.17698975
-0.01905625
0.16334245
-0.07091673
0.17645888
0.07559971
-0.130185
0.07099538
0.19367436
-0.018964993
0.10365793
-0.3043183
-0.27348876
-0.18530048
0.1628293
-0.24116084
0.31652465
0.16965486
-0.37595913
0.07399107
0.2754906
-0.09469685
-0.04885907
-0.025290992
0.096288145
-0.032095395
0.026104726
0.12358078
0.0927889
0.0006068167
-0.01391696
-0.03805733
0.1458312
-0.021395994
0.110724695
-0.03496664
-0.16999273
-0.14098948
0.0048703477
-0.05341728
-0.033381984
0.13869758
-0.50477463
-0.35396484
-0.15805252
0.25457358
0.19229192
-0.18886162
0.2740981
-0.26003158
-0.18819492
-0.14594248
0.043805197
-0.22159192
0.20247689
0.06434726
0.018183112
0.24720919
-0.060431566
-0.1249431
-0.17703962
0.078403465
0.13494441
0.088995524
-0.017624961
-0.1627035
0.018861573
-0.0065888176
-0.090525
0.012185969
0.037589014
-0.035923176
0.11174788
0.124840334
-0.009000354
0.089146055
0.078995675
-0.12466355
-0.10030011
0.008661147
0.072511315
0.051252186
-0.12633233
0.078091845
-0.093774416
-0.029920658
-0.077404596
0.13830602
-0.13130195
0.04906701
0.069866024
-0.1639793
-0.040571686
-0.014890213
-0.1489302
-0.1190865
0.07802643
-0.19783688
0.11857072
-0.10991974
-0.0068598166
-0.03129078
0.07358724
0.037768304
0.040672675
-0.13040255
-0.11983892
0.13849284
-0.075154245
0.119780794
-0.061329883
0.1784889
-0.13928023
0.2240578
-0.14365606
0.15842512
-0.30894902
-0.3680484
0.23985104
-0.5128694
-0.5303869
0.06995151
-0.08523212
0.14080545
0.13833946
-0.026232889
-0.122097015
0.10362253
0.0503448
0.16734646
-0.017864516
0.13542092
-0.3895623
0.12096772
0.05455185
0.1146101
-0.05060682
0.10045437
0.062368643
0.11621238
-0.6109681
0.05588011
0.014488987
-0.081646524
-0.039891746
0.07346271
0.022189207
0.0052311905
-0.06695391
-0.16542271
-0.030088821
-0.3632382
0.14543925
0.048471525
-0.38595483
-0.65396005
0.09988379
-0.117755756
0.14684297
0.13946682
0.15138716
0.035561472
0.12133343
0.042902485
0.09128114
-0.08505178
-0.17789303
-0.10128529
0.063174285
-0.008921293
-0.17589328
0.016044656
-0.08433586
-0.044320535
0.025625573
0.023810558
0.040860835
-0.10110969
0.08432265
0.07606984
-0.13020456
-0.053396743
-0.19443977
0.07838614
0.059863668
-0.10966529
0.056092646
-0.020401401
0.066762865
0.09270503
-0.14862747
-0.03540088
-0.04754439
0.21683295
0.0117687285
-0.18618654
-0.285915
-0.23897682
-0.16138257
-0.31950992
0.32595018
0.16679157
-0.05320909
0.1611425
-0.16217448
0.078015506
0.117877
0.14019778
0.15492776
-0.047408063
0.119056575
-0.08511963
-0.07207061
-0.0015700213
-0.09599078
0.10329147
0.059622478
-0.069324724
-0.09792217
-0.092955686
-0.06613765
0.05252165
0.009759199
-0.15014987
-0.04108355
-0.03462166
0.024994545
-0.036950473
-0.021490758
-0.13178559
0.029854404
0.04679415
-0.028018178
-0.0002671215
0.18008162
0.02267417
-0.07498231
-0.10380462
-0.03605916
-0.043799553
-0.07775032
0.0077548996
0.02818307
-0.048839923
-0.08636695
0.07461853
-0.03041983
-0.12680195
-0.022079173
-0.103020616
-0.025878966
-0.10286718
0.04889517
0.06156976
-0.01595896
0.11451026
-0.11220784
-0.053240888
-0.07704816
0.008563086
-0.054316882
0.08842472
-0.32570606
-0.6222338
0.13703655
0.0488306
0.1864198
-0.11897501
-0.05586299
0.1353428
0.14493427
-0.061506663
0.081237994
-0.036660027
-0.1377815
0.18534264
0.05232719
0.060648654
0.13580383
0.12441539
-0.092941284
0.1881931
-0.37265122
0.18153591
-0.009887584
-0.48398963
0.00027976578
0.25138694
-0.5833162
-0.27846098
-0.020093875
-0.07616055
-0.0040736836
-0.15460826
-0.10532541
0.051505253
0.06275458
-0.12193692
0.009945522
-0.057649966
0.047526777
-0.011202538
0.02284756
-0.055139933
0.10071163
-0.0072242157
-0.15392673
-0.051750068
0.13634053
0.096542165
-0.013468789
-0.111167066
-0.37867147
-0.13662338
0.04402165
-0.12421133
-0.13050397
0.13392492
0.26493663
-0.17244478
0.31368548
0.07506635
-0.0531584
0.03255736
-0.08085404
0.12891671
-0.037467863
-0.13976093
0.17700996
0.00932184
0.018782709
0.031249028
0.054391652
0.017482186
0.010543064
0.09076924
0.1110785
0.042885292
-0.09335298
-0.031970378
-0.037703976
-0.0802775
-0.05246268
0.01653113
0.17949313
-0.04514743
-0.019431794
-0.048887566
-0.052165978
0.0055508376
0.04142604
0.11027528
-0.2336114
0.13734567
0.121111944
0.12050322
-0.4902796
0.12732162
-0.13544261
-0.027023194
-0.5803373
0.08473237
-0.18508802
0.088370346
0.04856773
0.10880282
-0.61672276
0.13320108
-0.352903
-0.13454147
0.02865203
0.12727037
-0.15008341
-0.034369867
-0.013722761
0.009874371
0.056300834
-0.057164308
0.16275714
-0.007854565
0.00078700396
0.06501123
0.04197578
0.058856353
-0.00584046
0.15791897
0.043572713
0.18973282
0.08994218
-0.11859957
0.13045135
0.07996804
-0.027356911
-0.036157113
0.058035865
-0.16509506
0.1559971
0.03998418
0.0711936
-0.19707513
-0.04716982
0.013376497
-0.04481323
-0.08998487
-0.02126354
0.06968472
0.13978986
0.03894506
-0.0417091
-0.15201855
0.016207296
-0.0034087107
-0.01675162
-0.05158396
-0.107432656
0.031885833
-0.19860362
0.057332218
0.058731496
-0.1676493
-0.06351764
-0.021353891
-0.089879535
0.008213249
0.17055209
0.12164781
0.11058253
0.11151912
-0.07960017
0.06850477
-0.04478168
0.032509323
0.058191914
-0.5687791
0.13914022
0.13805513
0.14825779
0.025350625
-0.27997524
0.08877991
-0.5629759
-0.030485436
0.029592905
0.050374515
-0.033318207
0.1788218
-0.024376813
0.034411665
-0.032221176
0.14318691
-0.018043052
0.06213369
-0.0049830233
0.048613563
0.029487593
-0.001651463
-0.0585723
-0.055481527
-0.17952237
0.020365039
-0.06703534
0.06187309
0.06664166
-0.027555835
-0.03376736
0.0073546427
-0.07331802
0.11778692
0.18736075
-0.077062696
0.057450864
0.06985413
0.08897973
-0.19312558
-0.09298454
-0.08672015
-0.09583357
0.017519575
-0.09936891
-0.086131975
-0.08458969
-0.021712786
-0.09665524
0.1243057
0.07467075
-0.01885453
-0.07621742
0.020735977
0.034630906
0.08133036
-0.08651765
-0.16919394
-0.42699856
0.21129385
0.25919926
0.06224605
-0.10868266
0.2765191
-0.28927308
-0.37555018
-0.55120593
-0.056624364
-0.108272985
-0.10402741
0.02454563
0.1297537
-0.0021677504
-0.012879841
-0.13856418
0.08097594
-0.119679384
0.1263948
-0.08626966
-0.17146958
0.107079506
0.023722112
0.06581242
-0.09066703
-0.106690645
0.07125181
-0.086276144
-0.3064862
0.20764707
-0.2350453
0.22042707
-0.30284438
0.24471518
-0.28953013
0.073148265
-0.3348326
-0.009173945
-0.356824
0.23455024
0.27573428
0.20804
-0.57744324
-0.549594
-0.22386938
-0.052399445
-0.05344942
-0.11531957
0.18329082
0.036022656
-0.013043953
-0.051942337
0.1503888
-0.002862719
0.12361629
-0.012816158
-0.019170629
-0.0078004017
-0.003673516
-0.07536913
0.027883189
-0.04571296
0.070129804
-0.13372388
-0.08529874
-0.04333128
-0.018353038
-0.12544285
-0.12581635
0.1362402
0.028171886
0.04259534
-0.016741766
-0.09155806
0.11338892
0.0150672635
-0.05893304
0.12133402
-0.173102
0.30028665
0.089113794
0.2877871
0.10949205
-0.27251774
0.11340398
-0.34230912
-0.38237995
-0.048315294
-0.023343256
0.090521306
0.014822248
-0.037873928
-0.056342117
0.038325336
0.17538536
-0.069214955
0.011412187
-0.115843765
-0.4185786
-0.07160532
-0.34882358
-0.43509114
0.17102973
0.12793663
-0.18812208
-0.17563799
0.2757697
0.21373539
0.09497846
-0.0016280715
0.16309427
0.15049128
0.091687
-0.19056022
-0.08164415
0.002859306
0.09355796
0.088671274
0.04325026
0.046428207
-0.17212535
0.04336877
0.07392413
-0.14566113
0.1180065
0.018310428
0.009352893
-0.03739288
-0.19953644
0.053853422
0.18045871
0.03063714
0.056534596
-0.059947092
0.03351649
0.07071673
-0.02516877
0.0312857
-0.099531956
0.017042516
0.14103048
-0.033974525
-0.049291354
0.04139525
-0.07413624
-0.15095463
-0.07446161
0.002829893
-0.0037259103
-0.14664379
-0.1273463
-0.16385637
-0.07992006
0.10571059
-0.08127885
0.15103145
0.06992304
-0.12512511
0.008800616
-0.17362799
-0.1683977
-0.04356782
0.09298353
0.03724171
-0.15950584
0.032489028
-0.15278186
-0.07053813
0.16621862
-0.22348051
-0.047404986
-0.09938844
-0.22837152
-0.48292843
-0.24970572
-0.047057915
0.36987534
0.26928997
0.062408544
-0.031808753
-0.12496141
0.13082185
0.066084355
0.056671195
0.0054422226
0.10498461
-0.029983092
-0.0070873485
-0.15295078
0.15332034
-0.03477087
0.034339573
0.14013131
0.0017812758
-0.5604497
0.18896464
-0.16486552
-0.33556002
0.09185858
0.07772459
-0.03347507
0.058350064
-0.10579909
0.020940498
0.018302886
-0.086242266
0.15165256
0.035777837
-0.44528463
-0.10079249
0.23912716
-0.16623516
0.21271268
-0.44606677
0.24200498
0.041800026
-0.115879886
0.19327547
-0.08181877
0.024847716
0.036522668
-0.09516612
-0.10779473
0.043264315
0.03481133
-0.023650005
-0.043525983
-0.059933845
-0.09493977
0.010603817
0.07833588
-0.016181987
-0.050922632
-0.14323322
0.0013010167
-0.095147945
0.17222174
0.08924145
-0.094501756
-0.023875138
-0.057103854
-0.02145192
0.026866548
-0.053617943
-0.019332988
0.060847633
0.071571186
0.020484049
-0.4395689
0.21809141
0.15293412
-0.5790212
-0.040231135
-0.07523057
-0.49371725
0.21373
-0.32012093
-0.1055914
0.11823039
-0.031451527
-0.040814683
0.052400794
-0.063721605
0.05264057
0.019025497
-0.004025593
0.0741245
-0.009680495
-0.019433418
0.2579385
0.08810288
-0.042456698
-0.4463482
-0.10174058
0.16625592
-0.15330136
-0.38962355
0.2767976
-0.017103072
0.28691655
-0.30937934
0.20332539
-0.43964487
0.020894224
-0.36634138
-0.27726647
0.17237838
-0.12191915
0.043755453
-0.0075496454
-0.124892235
0.0765585
0.045384444
-0.0378493
0.19572933
-0.014291461
-0.025150774
0.065683454
-0.1149303
0.0128331175
0.0315089
-0.07758723
-0.13198669
0.0032475481
0.0032243158
-0.033488683
0.01223678
0.06749857
